k = 6
n = 24
T = 60
l = 2
V = 100
Cvm = 10
Evm = 6
Epr = 300
Eps = 50
Cp = 100
o = 1; 8; 19; 0; 2; 10 
C = 1; 2
S = 100000; 60000; 100000; 40000; 80000; 120000; 30000; 70000; 80000; 100000; 40000; 40000
Emin = 1500; 1200; 1600; 2000; 1500; 1800
Emax = 3000; 2400; 3200; 4000; 3000; 3900
G = 50000; 50000; 50000; 50000; 50000; 50000
GN = 0.0 ; 0.0 ; 0.0 ; 0.0 ; 0.0 ; 0.0 ; 0.0170370868555 ; 0.0499502112523 ; 0.0794593112989 ; 0.103553390593 ; 0.120590477449 ; 0.129409522551 ; 0.129409522551 ; 0.120590477449 ; 0.103553390593 ; 0.0794593112989 ; 0.0499502112523 ; 0.0170370868555 ; 0.0 ; 0.0 ; 0.0 ; 0.0 ; 0.0 ; 0.0
L =  0.0175041; 0.0116355; 0.0081615; 0.00655557; 0.00728233; 0.0113989; 0.0189169; 0.0268726; 0.0317738; 0.0320363; 0.035298; 0.0451964; 0.0541773; 0.0564836; 0.0544007; 0.0536889; 0.0516093; 0.052862; 0.0821123; 0.115348; 0.0967547; 0.0623708; 0.0410869; 0.026473;
e = 0.0; 0.02; 0.01; 0.005; 0.005; 0.02; 0.02; 0.0; 0.03; 0.01; 0.01; 0.005; 0.01; 0.03; 0.0; 0.03; 0.02; 0.01; 0.005; 0.01; 0.03; 0.0; 0.005; 0.02; 0.005; 0.01; 0.02; 0.005; 0.0; 0.03; 0.02; 0.005; 0.01; 0.02; 0.03; 0.0  